325.942	0.000
326.280	-0.000
326.618	-0.000
326.956	0.000
327.294	0.000
327.632	0.000
327.970	-0.000
328.309	-0.000
328.647	-0.000
328.985	0.000
329.324	-0.000
329.662	-0.000
330.000	0.000
330.339	-0.000
330.677	-0.000
331.015	-0.000
331.354	-0.000
331.692	0.000
332.031	-0.000
332.369	0.000
332.708	0.000
333.047	0.000
333.385	-0.000
333.724	-0.000
334.062	-0.000
334.401	0.000
334.740	-0.000
335.079	0.000
335.417	-0.000
335.756	-0.000
336.095	-0.000
336.434	0.000
336.773	-0.000
337.112	-0.000
337.451	-0.000
337.790	-0.000
338.129	-0.000
338.468	-0.000
338.807	0.000
339.146	-0.000
339.485	-0.000
339.824	-0.000
340.163	-0.000
340.502	0.000
340.841	-0.000
341.180	0.000
341.520	-0.000
341.859	-0.000
342.198	0.000
342.538	-0.000
342.877	0.000
343.216	-0.000
343.556	0.000
343.895	0.000
344.235	0.000
344.574	0.000
344.914	0.000
345.253	-0.000
345.593	-0.000
345.932	0.000
346.272	0.000
346.611	0.000
346.951	-0.000
347.291	-0.000
347.631	-0.000
347.970	0.000
348.310	-0.000
348.650	-0.000
348.990	0.000
349.329	-0.000
349.669	0.000
350.009	-0.000
350.349	-0.000
350.689	0.000
351.029	0.000
351.369	0.000
351.709	0.002
352.049	0.022
352.389	0.000
352.729	0.000
353.069	0.000
353.410	0.000
353.750	2.071
354.090	1.230
354.430	0.000
354.770	0.706
355.111	0.000
355.451	0.829
355.791	0.000
356.132	1.067
356.472	0.541
356.812	1.090
357.153	2.357
357.493	0.000
357.834	0.299
358.174	0.000
358.515	0.734
358.855	0.000
359.196	0.000
359.537	0.000
359.877	1.664
360.218	0.000
360.559	0.000
360.899	0.000
361.240	1.135
361.581	0.000
361.922	0.000
362.262	0.000
362.603	1.756
362.944	1.122
363.285	0.000
363.626	0.000
363.967	1.136
364.308	0.000
364.649	0.365
364.990	0.000
365.331	0.000
365.672	0.392
366.013	1.186
366.354	0.797
366.695	1.089
367.036	1.377
367.378	2.058
367.719	0.000
368.060	1.089
368.401	0.000
368.743	1.341
369.084	0.000
369.425	0.000
369.767	0.898
370.108	2.280
370.450	0.000
370.791	0.000
371.133	0.000
371.474	1.458
371.816	0.937
372.157	1.364
372.499	0.474
372.840	3.318
373.182	2.478
373.524	1.485
373.865	0.511
374.207	3.614
374.549	2.669
374.891	1.055
375.232	0.524
375.574	1.591
375.916	2.063
376.258	0.000
376.600	2.211
376.942	0.000
377.284	3.484
377.626	3.139
377.967	0.000
378.310	0.000
378.652	0.985
378.994	1.026
379.336	0.000
379.678	1.657
380.020	0.000
380.362	2.758
380.704	0.518
381.047	1.075
381.389	1.082
381.731	0.568
382.073	1.120
382.416	1.278
382.758	0.000
383.100	0.000
383.443	0.000
383.785	3.975
384.128	0.000
384.470	4.002
384.813	1.735
385.155	0.000
385.498	0.000
385.840	0.000
386.183	0.000
386.525	0.000
386.868	1.113
387.211	0.000
387.553	0.000
387.896	1.750
388.239	0.000
388.582	0.000
388.924	4.045
389.267	0.000
389.610	0.000
389.953	0.000
390.296	0.000
390.639	1.673
390.982	0.000
391.325	0.000
391.668	0.000
392.011	1.132
392.354	0.000
392.697	0.000
393.040	2.333
393.383	2.299
393.726	2.257
394.069	0.000
394.413	0.000
394.756	3.295
395.099	0.000
395.442	2.143
395.786	0.000
396.129	0.000
396.472	0.000
396.816	0.000
397.159	2.785
397.502	0.000
397.846	0.000
398.189	0.000
398.533	0.000
398.876	0.000
399.220	0.000
399.563	0.000
399.907	0.000
400.251	0.000
400.594	0.000
400.938	0.000
401.282	2.043
401.625	0.000
401.969	1.477
402.313	1.981
402.657	0.000
403.001	1.012
403.344	1.029
403.688	0.000
404.032	0.000
404.376	1.019
404.720	0.000
405.064	0.000
405.408	1.901
405.752	0.922
406.096	1.380
406.440	0.467
406.784	1.831
407.128	0.000
407.472	1.367
407.817	1.363
408.161	0.000
408.505	0.000
408.849	0.000
409.194	1.384
409.538	0.000
409.882	3.144
410.226	0.458
410.571	0.000
410.915	2.260
411.260	0.000
411.604	0.469
411.949	0.461
412.293	2.755
412.638	0.929
412.982	0.000
413.327	0.444
413.671	0.453
414.016	0.000
414.360	0.440
414.705	0.445
415.050	0.000
415.394	1.754
415.739	0.000
416.084	0.000
416.429	0.435
416.774	0.000
417.118	0.000
417.463	0.000
417.808	2.221
418.153	0.000
418.498	0.000
418.843	1.716
419.188	0.867
419.533	2.148
419.878	0.000
420.223	0.868
420.568	0.441
420.913	0.441
421.258	2.640
421.603	0.000
421.949	1.723
422.294	0.000
422.639	0.000
422.984	0.848
423.330	0.857
423.675	0.000
424.020	0.439
424.366	0.000
424.711	0.000
425.056	0.439
425.402	0.000
425.747	0.000
426.093	0.000
426.438	1.282
426.784	0.434
427.129	0.000
427.475	0.000
427.820	0.000
428.166	0.865
428.512	1.710
428.857	1.303
429.203	1.306
429.549	0.427
429.894	0.856
430.240	0.000
430.586	0.000
430.932	0.000
431.278	0.000
431.623	0.000
431.969	0.873
432.315	0.868
432.661	0.432
433.007	1.735
433.353	0.867
433.699	1.722
434.045	0.000
434.391	1.284
434.737	0.422
435.083	0.000
435.429	1.259
435.776	0.000
436.122	0.000
436.468	1.656
436.814	0.000
437.160	0.000
437.507	0.406
437.853	0.000
438.199	2.007
438.546	0.000
438.892	0.000
439.238	0.000
439.585	0.000
439.931	0.791
440.278	0.000
440.624	3.599
440.971	0.000
441.317	0.790
441.664	0.388
442.010	0.000
442.357	0.000
442.704	0.745
443.050	0.000
443.397	0.738
443.744	0.734
444.090	1.453
444.437	1.440
444.784	0.000
445.131	1.438
445.477	0.716
445.824	0.353
446.171	1.741
446.518	1.717
446.865	1.020
447.212	0.000
447.559	0.676
447.906	1.007
448.253	0.000
448.600	1.643
448.947	1.963
449.294	1.609
449.641	2.554
449.988	1.273
450.336	1.262
450.683	2.790
451.030	1.840
451.377	3.053
451.724	2.380
452.072	2.673
452.419	1.489
452.766	3.262
453.114	2.656
453.461	1.466
453.808	2.624
454.156	2.875
454.503	2.857
454.851	1.702
455.198	1.699
455.546	3.101
455.893	2.802
456.241	2.214
456.588	4.116
456.936	3.802
457.284	2.705
457.631	2.945
457.979	3.718
458.327	4.472
458.674	3.924
459.022	3.360
459.370	3.576
459.718	4.069
460.066	6.085
460.413	5.020
460.761	4.001
461.109	4.734
461.457	5.213
461.805	5.428
462.153	5.398
462.501	5.634
462.849	3.897
463.197	4.580
463.545	5.509
463.893	5.730
464.241	6.139
464.589	4.679
464.938	4.646
465.286	5.563
465.634	5.536
465.982	5.047
466.331	4.139
466.679	5.048
467.027	3.873
467.375	4.750
467.724	4.070
468.072	4.053
468.421	4.491
468.769	4.016
469.117	3.767
469.466	3.534
469.814	3.285
470.163	2.828
470.511	3.476
470.860	3.898
471.208	1.949
471.557	2.801
471.906	3.428
472.254	3.202
472.603	4.255
472.952	2.547
473.300	2.116
473.649	2.752
473.998	2.951
474.347	3.176
474.696	1.476
475.044	2.306
475.393	2.292
475.742	1.872
476.091	2.481
476.440	2.669
476.789	3.278
477.138	2.466
477.487	1.842
477.836	1.833
478.185	2.030
478.534	2.025
478.883	2.430
479.232	2.017
479.581	1.806
479.931	1.799
480.280	1.002
480.629	2.193
480.978	0.802
481.328	1.201
481.677	0.401
482.026	1.001
482.375	1.396
482.725	0.995
483.074	1.983
483.424	0.794
483.773	0.396
484.122	0.987
484.472	1.176
484.821	1.178
485.171	0.000
485.520	0.786
485.870	0.786
486.220	1.979
486.569	0.988
486.919	0.197
487.269	1.573
487.618	1.376
487.968	0.587
488.318	1.368
488.667	0.392
489.017	0.196
489.367	1.563
489.717	1.561
490.067	0.585
490.416	0.000
490.766	1.358
491.116	0.000
491.466	0.195
491.816	0.978
492.166	0.589
492.516	0.980
492.866	0.783
493.216	0.586
493.566	1.167
493.916	0.582
494.267	0.000
494.617	0.585
494.967	0.587
495.317	0.977
495.667	0.000
496.017	1.945
496.368	0.000
496.718	0.194
497.068	0.976
497.419	0.000
497.769	0.000
498.119	0.981
498.470	0.785
498.820	0.976
499.171	0.000
499.521	0.583
499.872	0.781
500.222	0.781
500.573	1.173
500.923	0.978
501.274	0.588
501.624	0.195
501.975	1.166
502.326	0.389
502.676	0.000
503.027	0.000
503.378	0.000
503.728	0.391
504.079	0.392
504.430	0.000
504.781	0.197
505.132	1.182
505.482	0.394
505.833	0.988
506.184	0.198
506.535	0.000
506.886	0.792
507.237	1.188
507.588	0.396
507.939	0.000
508.290	0.000
508.641	1.388
508.992	0.198
509.343	0.793
509.694	0.397
510.046	0.000
510.397	0.594
510.748	0.000
511.099	0.000
511.450	0.198
511.802	0.988
512.153	0.000
512.504	0.000
512.856	0.000
513.207	0.000
513.558	0.000
513.910	0.000
514.261	0.000
514.613	0.000
514.964	0.000
515.316	0.394
515.667	0.000
516.019	0.000
516.370	0.000
516.722	0.198
517.073	0.000
517.425	0.000
517.777	0.591
518.128	0.591
518.480	0.000
518.832	1.184
519.184	0.395
519.535	0.000
519.887	0.000
520.239	0.786
520.591	0.000
520.943	0.392
521.294	1.178
521.646	0.785
521.998	0.000
522.350	0.391
522.702	0.391
523.054	0.783
523.406	0.000
523.758	0.000
524.110	0.000
524.462	0.000
524.814	0.000
525.167	0.194
525.519	0.000
525.871	0.194
526.223	0.000
526.575	0.777
526.928	0.000
527.280	0.193
527.632	0.578
527.984	0.383
528.337	0.381
528.689	0.000
529.041	0.380
529.394	0.000
529.746	0.000
530.099	0.948
530.451	0.378
530.804	0.565
531.156	0.188
531.509	1.124
531.861	0.749
532.214	0.000
532.566	0.000
532.919	0.372
533.272	0.928
533.624	0.185
533.977	0.185
534.330	0.185
534.682	0.000
535.035	0.000
535.388	0.000
535.741	0.367
536.094	0.366
536.446	0.000
536.799	0.181
537.152	0.000
537.505	0.181
537.858	0.000
538.211	0.183
538.564	0.928
538.917	0.000
539.270	0.190
539.623	0.000
539.976	0.000
540.329	0.584
540.682	0.000
541.035	0.000
541.388	0.000
541.742	0.593
542.095	1.179
542.448	0.389
542.801	0.000
543.155	0.377
543.508	0.923
543.861	1.086
544.214	0.000
544.568	0.000
544.921	0.169
545.275	0.000
545.628	0.805
545.981	0.000
546.335	0.615
546.688	0.000
547.042	0.297
547.395	0.000
547.749	0.436
548.103	0.000
548.456	0.000
548.810	0.862
549.163	0.000
549.517	0.718
549.871	0.000
550.224	0.000
550.578	0.290
550.932	0.581
551.286	0.000
551.640	0.000
551.993	0.000
552.347	0.290
552.701	0.000
553.055	0.000
553.409	0.000
553.763	0.000
554.117	0.143
554.471	1.282
554.825	0.000
555.179	0.000
555.533	0.140
555.887	0.000
556.241	0.139
556.595	0.276
556.949	0.000
557.303	0.137
557.657	0.000
558.012	0.681
558.366	0.136
558.720	0.000
559.074	0.000
559.428	0.537
559.783	0.803
560.137	0.133
560.491	0.000
560.846	0.000
561.200	0.790
561.555	0.656
561.909	0.000
562.263	0.391
562.618	0.390
562.972	0.518
563.327	0.000
563.681	0.644
564.036	0.128
564.391	0.000
564.745	0.256
565.100	0.000
565.454	0.000
565.809	0.000
566.164	0.000
566.519	0.507
566.873	0.379
567.228	0.000
567.583	0.374
567.938	0.373
568.292	0.248
568.647	0.248
569.002	0.371
569.357	0.000
569.712	0.000
570.067	0.122
570.422	0.000
570.777	0.365
571.132	0.122
571.487	0.000
571.842	0.121
572.197	0.000
572.552	0.241
572.907	0.241
573.262	0.120
573.617	0.000
573.972	0.359
574.328	0.478
574.683	0.000
575.038	0.000
575.393	0.000
575.749	0.000
576.104	0.592
576.459	0.473
576.815	0.000
577.170	0.236
577.525	0.118
577.881	0.000
578.236	0.234
578.592	0.000
578.947	0.000
579.303	0.000
579.658	0.000
580.014	0.233
580.369	0.000
580.725	0.233
581.080	0.000
581.436	0.581
581.792	0.465
582.147	0.232
582.503	0.000
582.859	0.464
583.214	0.464
583.570	0.000
583.926	0.348
584.282	0.000
584.637	0.694
584.993	0.116
585.349	0.231
585.705	0.000
586.061	0.347
586.417	0.463
586.773	0.000
587.129	0.000
587.485	0.000
587.841	0.231
588.197	0.579
588.553	0.232
588.909	0.000
589.265	0.000
589.621	0.116
589.977	0.116
590.333	0.000
590.689	0.000
591.046	0.232
591.402	0.000
591.758	0.000
592.114	0.350
592.471	0.000
592.827	0.117
593.183	0.234
593.540	0.000
593.896	0.234
594.252	0.117
594.609	0.000
594.965	0.819
595.322	0.352
595.678	0.000
596.035	0.590
596.391	0.118
596.748	0.356
597.104	0.000
597.461	0.000
597.817	0.358
598.174	0.000
598.531	0.478
598.887	0.598
599.244	0.000
599.601	0.000
599.957	0.359
600.314	0.601
600.671	0.120
601.028	0.602
601.384	0.000
601.741	0.242
602.098	0.484
602.455	0.000
602.812	0.608
603.169	0.000
603.526	0.122
603.883	0.367
604.240	0.000
604.597	0.246
604.954	0.123
605.311	0.493
605.668	0.000
606.025	0.000
606.382	0.371
606.739	0.371
607.096	0.000
607.453	0.372
607.810	0.497
608.168	0.249
608.525	0.375
608.882	0.500
609.239	0.626
609.597	0.126
609.954	0.126
610.311	0.632
610.669	0.000
611.026	0.127
611.383	0.255
611.741	0.000
612.098	0.000
612.456	0.768
612.813	0.257
613.171	0.000
613.528	0.129
613.886	0.000
614.243	0.000
614.601	0.000
614.959	0.000
615.316	0.000
615.674	0.130
616.031	0.653
616.389	0.000
616.747	0.000
617.105	0.523
617.462	0.000
617.820	0.000
618.178	0.000
618.536	0.923
618.894	0.000
619.251	0.000
619.609	0.000
619.967	0.000
620.325	0.000
620.683	0.133
621.041	0.000
621.399	0.000
621.757	0.000
622.115	0.134
622.473	0.000
622.831	0.000
623.189	0.000
623.547	0.000
623.905	0.134
624.263	0.000
624.622	0.000
624.980	0.000
625.338	0.000
625.696	0.000
626.054	0.408
626.413	0.000
626.771	0.000
627.129	0.000
627.488	0.000
627.846	0.409
628.204	0.000
628.563	0.000
628.921	0.000
629.280	0.000
629.638	0.000
629.997	0.000
630.355	0.000
630.714	0.000
631.072	0.000
631.431	0.000
631.789	0.000
632.148	0.000
632.506	0.000
632.865	0.000
633.224	0.000
633.582	0.692
633.941	0.000
634.300	0.000
634.658	0.972
635.017	0.278
635.376	0.139
635.735	0.139
636.094	0.139
636.452	0.000
636.811	0.000
637.170	0.000
637.529	0.279
637.888	0.000
638.247	0.000
638.606	0.000
638.965	0.420
639.324	0.000
639.683	0.000
640.042	0.420
640.401	0.842
640.760	0.421
641.119	0.422
641.478	0.000
641.837	0.000
642.197	0.000
642.556	0.000
642.915	0.000
643.274	0.000
643.633	0.000
643.993	0.846
644.352	0.000
644.711	0.000
645.071	0.564
645.430	0.000
645.789	0.000
646.149	0.000
646.508	0.283
646.868	0.566
647.227	0.425
647.587	0.567
647.946	0.000
648.306	0.000
648.665	0.284
649.025	0.000
649.384	0.143
649.744	0.000
650.103	0.572
650.463	0.000
650.823	0.000
651.182	0.000
651.542	0.429
651.902	0.000
652.261	0.000
652.621	0.000
652.981	0.143
653.341	0.000
653.701	0.000
654.060	0.000
654.420	0.000
654.780	0.000
655.140	0.000
655.500	0.000
655.860	0.000
656.220	0.000
656.580	0.142
656.940	0.284
657.300	0.000
657.660	0.142
658.020	0.285
658.380	0.000
658.740	0.000
659.100	0.143
659.460	0.143
659.820	0.000
660.181	0.143
660.541	0.142
660.901	0.142
661.261	0.000
661.621	0.427
661.982	0.285
662.342	0.285
662.702	0.572
663.063	0.000
663.423	0.000
663.783	0.286
664.144	0.000
664.504	0.143
664.865	0.143
665.225	0.857
665.585	0.285
665.946	0.000
666.306	0.714
666.667	0.000
667.028	0.000
667.388	0.286
667.749	0.143
668.109	0.143
668.470	0.570
668.831	0.000
669.191	0.285
669.552	0.710
669.913	0.000
670.273	0.000
670.634	0.283
670.995	0.000
671.356	0.142
671.716	0.142
672.077	0.000
672.438	0.710
672.799	0.000
673.160	0.000
673.521	0.567
673.882	0.142
674.243	0.000
674.604	0.426
674.965	0.426
675.326	0.000
675.687	0.283
676.048	0.283
676.409	0.424
676.770	0.000
677.131	0.993
677.492	0.000
677.853	0.142
678.214	0.000
678.576	0.424
678.937	0.141
679.298	0.000
679.659	0.000
680.020	0.000
680.382	0.140
680.743	0.702
681.104	0.562
681.466	0.000
681.827	0.703
682.188	0.141
682.550	0.000
682.911	0.281
683.273	0.421
683.634	0.421
683.996	0.000
684.357	0.000
684.719	0.421
685.080	0.421
685.442	0.000
685.803	0.280
686.165	0.000
686.526	0.000
686.888	0.139
687.250	0.140
687.611	0.279
687.973	0.000
688.335	0.000
688.697	0.000
689.058	0.000
689.420	0.279
689.782	0.000
690.144	0.000
690.505	0.000
690.867	0.418
691.229	0.558
691.591	0.000
691.953	0.000
692.315	0.557
692.677	0.000
693.039	0.000
693.401	0.000
693.763	0.000
694.125	0.277
694.487	0.138
694.849	0.000
695.211	0.000
695.573	0.000
695.935	0.000
696.297	0.138
696.659	0.276
697.022	0.138
697.384	0.000
697.746	0.000
698.108	0.276
698.470	0.000
698.833	0.138
699.195	0.000
699.557	0.138
699.920	0.274
700.282	0.411
700.644	0.000
701.007	0.273
701.369	0.000
701.732	0.000
702.094	1.093
702.456	0.137
702.819	0.137
703.181	0.137
703.544	0.000
703.907	0.686
704.269	0.822
704.632	0.137
704.994	0.548
705.357	0.137
705.719	0.548
706.082	0.137
706.445	0.000
706.807	0.410
707.170	0.000
707.533	0.000
707.896	0.000
708.258	0.000
708.621	0.136
708.984	0.000
709.347	0.000
709.710	0.000
710.073	0.136
710.435	0.542
710.798	0.000
711.161	0.000
711.524	0.270
711.887	0.000
712.250	0.538
712.613	0.000
712.976	0.135
713.339	0.404
713.702	0.000
714.065	0.538
714.428	0.000
714.791	0.000
715.155	0.134
715.518	0.535
715.881	0.668
716.244	0.534
716.607	0.266
716.971	0.000
717.334	0.000
717.697	0.133
718.060	0.000
718.424	0.532
718.787	0.532
719.150	0.000
719.514	0.265
719.877	0.000
720.240	0.000
720.604	0.000
720.967	0.264
721.331	0.000
721.694	0.000
722.058	0.396
722.421	0.793
722.785	0.132
723.148	0.000
723.512	0.132
723.875	0.000
724.239	0.263
724.603	0.000
724.966	0.000
725.330	0.000
725.694	0.000
726.057	0.132
726.421	0.000
726.785	0.527
727.148	0.000
727.512	0.000
727.876	0.132
728.240	0.000
728.604	0.657
728.967	0.131
729.331	0.000
729.695	0.131
730.059	0.132
730.423	0.000
730.787	0.264
731.151	0.000
731.515	0.000
731.879	0.394
732.243	0.000
732.607	0.131
732.971	0.000
733.335	0.132
733.699	0.000
734.063	0.000
734.427	0.000
734.792	0.000
735.156	0.000
735.520	0.132
735.884	0.000
736.248	0.264
736.612	0.527
736.977	0.000
737.341	0.658
737.705	0.000
738.070	0.132
738.434	0.132
738.798	0.528
739.163	0.000
739.527	0.133
739.891	0.000
740.256	0.000
740.620	0.398
740.985	0.398
741.349	0.000
741.714	0.000
742.078	0.000
742.443	0.000
742.807	0.000
743.172	0.000
743.536	0.000
743.901	0.668
744.266	0.134
744.630	0.000
744.995	0.000
745.360	0.669
745.724	0.000
746.089	0.401
746.454	0.000
746.819	0.134
747.183	0.000
747.548	0.937
747.913	0.000
748.278	0.670
748.643	0.000
749.007	0.270
749.372	0.000
749.737	0.000
750.102	0.136
750.467	0.000
750.832	0.000
751.197	0.682
751.562	0.137
751.927	0.411
752.292	0.412
752.657	0.962
753.022	0.552
753.387	0.000
753.752	0.277
754.117	0.000
754.483	0.000
754.848	0.000
755.213	0.000
755.578	0.557
755.943	0.000
756.309	0.000
756.674	0.000
757.039	0.560
757.404	0.281
757.770	0.000
758.135	0.000
758.500	0.567
758.866	0.000
759.231	0.143
759.596	0.428
759.962	0.000
760.327	0.287
760.693	0.000
761.058	0.000
761.424	0.000
761.789	0.000
762.155	0.000
762.520	0.000
762.886	0.000
763.251	0.000
763.617	0.731
763.983	0.000
764.348	0.000
764.714	0.000
765.079	0.000
765.445	0.000
765.811	0.148
766.177	0.000
766.542	0.298
766.908	0.000
767.274	0.000
767.640	0.150
768.005	0.000
768.371	0.000
768.737	0.604
769.103	0.000
769.469	0.000
769.835	0.305
770.201	0.000
770.567	0.154
770.932	0.461
771.298	0.000
771.664	0.000
772.030	0.000
772.396	0.000
772.762	0.935
773.129	0.156
773.495	0.000
773.861	0.157
774.227	0.000
774.593	0.473
774.959	0.000
775.325	0.000
775.691	0.000
776.058	0.000
776.424	0.000
776.790	0.000
777.156	0.484
777.523	0.162
777.889	0.000
778.255	0.326
778.622	0.000
778.988	0.654
779.354	0.000
779.721	0.823
780.087	0.000
780.453	1.162
780.820	0.000
781.186	0.000
781.553	0.000
781.919	0.000
782.286	0.507
782.652	0.169
783.019	0.000
783.385	0.340
783.752	0.000
784.119	0.171
784.485	0.000
784.852	0.000
785.218	0.173
785.585	0.000
785.952	0.695
786.318	0.000
786.685	0.349
787.052	0.175
787.419	0.000
787.785	0.000
788.152	0.000
788.519	0.000
788.886	0.000
789.253	0.536
789.620	0.538
789.986	0.180
790.353	1.083
790.720	0.000
791.087	0.181
791.454	0.364
791.821	0.000
792.188	0.368
792.555	0.184
792.922	0.555
793.289	0.000
793.656	0.000
794.023	0.562
794.390	0.377
794.757	0.000
795.124	0.000
795.492	0.000
795.859	1.147
796.226	0.000
796.593	0.000
796.960	0.000
797.328	0.389
797.695	1.168
798.062	0.391
798.429	0.000
798.797	0.983
799.164	0.000
799.531	0.000
799.899	0.598
800.266	0.000
800.633	0.000
801.001	0.203
801.368	0.000
801.736	0.000
802.103	0.000
802.471	0.000
802.838	0.206
803.206	1.037
803.573	1.253
803.941	0.000
804.308	0.421
804.676	0.000
805.043	0.000
805.411	0.214
805.779	0.646
806.146	0.000
806.514	0.435
806.881	0.000
807.249	0.000
807.617	0.000
807.985	0.000
808.352	0.443
808.720	0.000
809.088	0.448
809.456	0.901
809.824	1.131
810.191	0.908
810.559	0.000
810.927	0.000
811.295	0.000
811.663	0.000
812.031	0.460
812.399	0.919
812.767	0.000
813.135	0.000
813.503	0.699
813.871	0.234
814.239	0.000
814.607	0.000
814.975	0.000
815.343	0.237
815.711	0.238
816.079	0.000
816.447	1.436
816.815	0.000
817.183	0.000
817.552	0.000
817.920	0.000
818.288	0.972
818.656	1.219
819.024	0.000
819.393	0.246
819.761	0.744
820.129	0.498
820.498	0.500
820.866	0.000
821.234	0.000
821.603	0.000
821.971	0.510
822.339	0.512
822.708	0.000
823.076	0.000
823.445	0.259
823.813	0.000
824.182	0.000
824.550	0.000
824.919	0.791
825.287	0.794
825.656	0.266
826.024	0.533
826.393	1.071
826.761	0.807
827.130	0.271
827.499	0.546
827.867	0.274
828.236	0.000
828.605	0.554
828.973	0.838
829.342	0.000
829.711	0.847
830.080	0.000
830.448	0.000
830.817	0.573
831.186	1.154
831.555	0.290
831.924	0.000
832.292	0.000
832.661	0.000
833.030	0.585
833.399	0.587
833.768	0.000
834.137	0.887
834.506	0.297
834.875	0.897
835.244	0.301
835.613	0.303
835.982	1.832
836.351	0.307
836.720	0.920
837.089	0.000
837.458	0.000
837.827	1.561
838.196	0.314
838.565	0.633
838.935	0.000
839.304	2.243
839.673	0.000
840.042	0.000
840.411	0.652
840.781	0.000
841.150	0.000
841.519	0.665
841.888	0.000
842.258	0.000
842.627	0.000
842.996	0.674
843.366	1.352
843.735	1.019
844.105	1.020
844.474	0.000
844.843	0.000
845.213	0.339
845.582	1.018
845.952	1.697
846.321	0.000
846.691	0.000
847.060	0.000
847.430	0.000
847.799	0.674
848.169	0.000
848.538	2.025
848.908	0.000
849.278	0.000
849.647	1.359
850.017	0.000
850.387	0.341
850.756	1.364
851.126	0.341
851.496	0.000
851.865	0.000
852.235	0.000
852.605	0.343
852.975	1.373
853.345	1.029
853.714	0.000
854.084	0.000
854.454	0.689
854.824	0.000
855.194	0.000
855.564	0.000
855.934	0.000
856.304	2.094
856.674	0.000
857.043	0.000
857.413	1.058
857.783	1.770
858.153	1.417
858.524	0.000
858.894	0.000
859.264	0.000
859.634	0.000
860.004	0.000
860.374	0.000
860.744	0.723
861.114	0.000
861.484	0.000
861.854	0.000
862.225	1.092
862.595	0.365
862.965	0.000
863.335	0.000
863.706	0.000
864.076	1.109
864.446	0.000
864.816	0.000
865.187	1.873
865.557	2.256
865.928	0.377
866.298	0.000
866.668	0.000
867.039	0.000
867.409	1.142
867.780	0.764
868.150	0.000
868.520	1.925
868.891	0.000
869.261	0.000
869.632	0.000
870.002	0.388
870.373	0.000
870.744	0.000
871.114	0.000
871.485	2.763
871.855	0.000
872.226	1.190
872.597	0.793
872.967	0.000
873.338	0.798
873.709	0.000
874.079	0.000
874.450	1.624
874.821	1.628
875.192	0.000
875.562	1.219
875.933	0.000
876.304	2.863
876.675	0.410
877.046	0.000
877.417	0.822
877.787	1.235
878.158	0.000
878.529	0.000
878.900	1.665
879.271	0.000
879.642	0.000
880.013	2.938
880.384	0.842
880.755	0.423
881.126	2.123
881.497	0.000
881.868	1.279
882.239	1.709
882.610	0.000
882.981	1.291
883.352	0.000
883.723	0.000
884.095	0.867
884.466	1.302
884.837	0.438
885.208	0.000
885.579	0.000
885.951	0.000
886.322	0.884
886.693	0.881
887.064	0.000
887.436	0.000
887.807	3.113
888.178	0.000
888.550	1.349
888.921	0.902
889.292	0.905
889.664	0.000
890.035	0.000
890.406	0.000
890.778	0.000
891.149	1.826
891.521	0.000
891.892	0.000
892.264	0.000
892.635	0.000
893.007	0.000
893.378	2.325
893.750	0.000
894.121	0.465
894.493	2.320
894.865	0.000
895.236	0.000
895.608	0.000
895.979	0.471
896.351	0.000
896.723	0.000
897.095	0.000
897.466	0.000
897.838	0.000
898.210	0.000
898.581	0.000
898.953	0.480
899.325	0.481
899.697	0.000
900.069	0.000
900.440	0.000
900.812	1.945
901.184	0.000
901.556	1.964
901.928	0.493
902.300	0.000
902.672	0.000
903.044	1.494
903.416	0.998
903.788	1.003
904.160	0.502
904.532	0.000
904.904	1.515
905.276	0.000
905.648	0.506
906.020	0.000
906.392	1.013
906.764	1.522
907.136	0.000
907.508	1.012
907.880	0.000
908.253	0.000
908.625	1.020
908.997	0.000
909.369	0.000
909.741	0.000
910.114	0.000
910.486	0.000
910.858	0.000
911.230	1.555
911.603	0.520
911.975	1.562
912.347	1.566
912.720	0.000
913.092	0.000
913.464	0.000
913.837	0.000
914.209	0.000
914.582	0.000
914.954	0.000
915.327	1.061
915.699	0.000
916.071	0.000
916.444	0.000
916.816	0.000
917.189	0.531
917.562	1.067
917.934	1.071
918.307	2.133
918.679	1.069
919.052	3.749
919.425	0.000
919.797	0.000
920.170	0.000
920.542	0.000
920.915	0.000
921.288	1.097
921.661	0.000
922.033	1.100
922.406	0.000
922.779	2.198
923.152	0.000
923.524	0.000
923.897	2.208
924.270	1.659
924.643	0.000
925.016	0.000
925.389	1.120
925.761	0.000
926.134	1.126
926.507	5.656
926.880	1.708
927.253	0.000
927.626	1.717
927.999	0.570
928.372	2.278
928.745	3.404
929.118	1.140
929.491	0.574
929.864	0.000
930.237	2.900
930.610	0.000
930.983	0.000
931.356	0.000
931.730	1.168
932.103	0.000
932.476	0.000
932.849	0.000
933.222	2.954
933.595	1.185
933.969	1.187
934.342	1.776
934.715	2.363
935.088	0.000
935.462	0.000
935.835	0.000
936.208	0.000
936.581	2.407
936.955	1.806
937.328	0.000
937.701	0.000
938.075	2.447
938.448	0.000
938.822	0.000
939.195	1.842
939.568	0.000
939.942	2.479
940.315	0.000
940.689	0.000
941.062	1.877
941.436	0.000
941.809	0.630
942.183	0.000
942.556	0.000
942.930	0.000
943.304	0.000
943.677	0.646
944.051	0.000
944.424	3.903
944.798	0.000
945.172	0.000
945.545	1.319
945.919	1.320
946.293	0.000
946.667	1.974
947.040	0.000
947.414	0.000
947.788	5.954
948.162	0.000
948.535	0.669
948.909	0.673
949.283	0.675
949.657	2.035
950.031	5.468
950.405	0.000
950.778	0.000
951.152	0.000
951.526	5.540
951.900	0.000
952.274	0.695
952.648	0.000
953.022	0.000
953.396	6.327
953.770	0.703
954.144	0.000
954.518	0.000
954.892	0.000
955.266	0.707
955.640	0.000
956.014	0.000
956.388	2.151
956.762	2.881
957.137	0.000
957.511	1.456
957.885	1.460
958.259	0.000
958.633	0.000
959.007	1.491
959.382	2.978
959.756	0.000
960.130	1.484
960.504	2.225
960.879	0.000
961.253	0.000
961.627	0.000
962.002	0.000
962.376	2.294
962.750	3.866
963.125	0.000
963.499	0.774
963.873	0.000
964.248	0.784
964.622	2.378
964.997	0.000
965.371	0.799
965.746	3.960
966.120	3.177
966.494	0.000
966.869	0.000
967.244	0.000
967.618	2.453
967.993	0.000
968.367	0.830
968.742	0.000
969.116	0.000
969.491	0.000
969.866	0.000
970.240	0.000
970.615	0.000
970.989	0.000
971.364	0.000
971.739	0.862
972.114	0.000
972.488	0.000
972.863	0.000
973.238	0.883
973.613	6.202
973.987	0.000
974.362	0.895
974.737	0.000
975.112	0.000
975.487	0.000
975.861	0.000
976.236	0.000
976.611	3.655
976.986	1.840
977.361	0.000
977.736	0.000
978.111	1.844
978.486	0.000
978.861	0.000
979.236	0.937
979.611	0.000
979.986	2.891
980.361	3.810
980.736	0.000
981.111	3.835
981.486	0.957
981.861	0.977
982.236	0.000
982.611	0.000
982.986	1.003
983.361	0.000
983.736	0.000
984.112	1.026
984.487	2.029
984.862	0.000
985.237	3.052
985.612	1.014
985.988	2.064
986.363	0.000
986.738	0.000
987.113	2.129
987.489	1.077
987.864	3.248
988.239	0.000
988.615	0.000
988.990	0.000
989.365	0.000
989.741	1.107
990.116	0.000
990.491	0.000
990.867	2.265
991.242	0.000
991.618	2.254
991.993	0.000
992.369	0.000
992.744	1.151
993.120	0.000
993.495	0.000
993.871	0.000
994.246	0.000
994.622	2.348
994.997	5.961
995.373	0.000
995.749	0.000
996.124	0.000
996.500	0.000
996.875	0.000
997.251	0.000
997.627	0.000
998.002	0.000
998.378	2.524
998.754	0.000
999.129	0.000
999.505	2.662
999.881	0.000
1000.257	0.000
1000.633	0.000
1001.008	0.000
1001.384	0.000
1001.760	0.000
1002.136	0.000
1002.512	5.627
1002.887	2.822
1003.263	0.000
1003.639	4.369
1004.015	1.450
1004.391	4.352
1004.767	0.000
1005.143	0.000
1005.519	1.468
1005.895	1.464
1006.271	2.949
1006.647	7.459
1007.023	0.000
1007.399	3.097
1007.775	0.000
1008.151	4.733
1008.527	6.381
1008.903	0.000
1009.279	0.000
1009.655	0.000
1010.031	0.000
1010.407	1.616
1010.784	0.000
1011.160	0.000
1011.536	0.000
1011.912	0.000
1012.288	3.483
1012.665	0.000
1013.041	0.000
1013.417	3.456
1013.793	8.554
1014.169	1.706
1014.546	0.000
1014.922	8.971
1015.298	0.000
1015.675	0.000
1016.051	0.000
1016.427	7.105
1016.804	0.000
1017.180	0.000
1017.557	2.007
1017.933	10.323
1018.309	0.000
1018.686	12.590
1019.062	0.000
1019.439	0.000
1019.815	2.073
1020.192	2.089
1020.568	0.000
1020.945	0.000
1021.321	6.221
1021.698	4.234
1022.074	0.000
1022.451	0.000
1022.827	0.000
1023.204	6.784
1023.581	4.515
1023.957	0.000
1024.334	0.000
1024.710	0.000
1025.087	0.000
1025.464	2.413
1025.840	0.000
1026.217	0.000
1026.594	0.000
1026.971	2.360
1027.347	0.000
1027.724	0.000
1028.101	0.000
1028.478	0.000
1028.854	4.754
1029.231	0.000
1029.608	0.000
1029.985	5.571
1030.362	5.600
1030.739	10.869
1031.115	0.000
1031.492	2.559
1031.869	0.000
1032.246	13.632
1032.623	2.847
1033.000	0.000
1033.377	0.000
1033.754	0.000
1034.131	5.876
1034.508	14.133
1034.885	0.000
1035.262	0.000
1035.639	3.001
1036.016	6.043
1036.393	0.000
1036.770	6.023
1037.147	0.000
1037.524	0.000
1037.901	2.736
1038.278	0.000
1038.656	0.000
1039.033	3.953
1039.410	4.682
1039.787	0.000
1040.164	0.387
1040.541	-0.000
1040.919	0.000
1041.296	11.800
1041.673	3.584
1042.050	0.000
1042.428	0.000
1042.805	-0.000
1043.182	20.781
1043.560	0.000
1043.937	0.000
1044.314	0.000
1044.692	126.666
1045.069	147.606
1045.446	28.371
1045.824	0.000
1046.201	-0.000
1046.578	84.028
1046.956	47.235
1047.333	0.000
1047.711	0.000
1048.088	324.163
1048.466	71.599
1048.843	0.000
1049.221	0.000
1049.598	0.000
1049.976	0.000
1050.353	348.533
1050.731	254.258
1051.108	137.936
1051.486	0.000
1051.864	0.000
1052.241	1027.488
1052.619	0.000
1052.996	198.119
1053.374	0.000
1053.752	0.000
1054.129	740.742
1054.507	263.232
1054.885	0.000
1055.262	883.716
1055.640	0.000
1056.018	681.971
1056.396	0.000
1056.773	781.249
1057.151	1254.529
1057.529	879.393
1057.907	0.000
1058.285	1488.855
1058.662	0.000
1059.040	0.000
1059.418	0.000
1059.796	1253.392
1060.174	3990.707
1060.552	700.845
1060.930	733.778
1061.307	0.000
1061.685	2417.860
1062.063	2512.016
1062.441	-0.000
1062.819	0.000
1063.197	962.125
1063.575	2004.224
